12
13
9
9
9
9
9
99
9
9
9
202
98
53
417
493
397
269
466
76
113
334
449
484
490
305
298
213
315
237
433
398
358
404
223
16
352
136
242
444
475
316
479
430
186
202
20
377
130
323
307
111
27
307
385
273
59
45
259
440
334
398
34
341
56
269
345
194
330
402
141
262
28
22
101
297
355
19
298
289
286
421
84
492
431
322
371
52
20
450
458
308
378
302
111
78
283
139
375
417
357
326
47
228
183
46
84
6
206
88
419
40
247
471
154
413
314
43
411
234
398
294
174
381
445
334
384
226
412
23
15
217
144
381
432
460
374
357
310
385
238
365
346
432
31
418
61
407
149
198
264
241
228
142
19
64
153
167
283
349
163
359
95
184
74
203
397
366
40
195
39
458
233
27
496
34
448
243
350
28
274
477
78
214
260
274
489
3
362
368
308
208
74
461
223
380
271
163
358
329
22
195
368
454
159
307
8
201
146
486
116
410
318
256
76
186
282
382
424
300
214
394
4
172
387
332
385
273
305
117
263
286
385
21
7
79
110
124
55
453
267
288
357
377
252
398
390
318
386
38
98
390
239
59
115
128
191
197
67
328
423
235
397
29
224
331
26
297
250
497
76
159
327
472
34
426
38
128
421
490
442
67
387
267
20
374
48
327
406
379
389
414
57
227
31
32
391
328
153
422
373
94
69
390
462
440
63
268
25
190
90
63
276
78
387
356
349
130
10
351
284
200
391
371
108
163
102
101
441
2
35
210
476
499
117
349
498
498
306
81
311
280
302
217
290
326
138
480
341
175
184
262
319
303
138
174
203
198
282
299
338
463
327
24
155
381
88
278
461
39
358
352
325
430
40
4
398
175
82
283
26
122
260
267
319
274
392
173
361
444
146
301
216
7
243
349
454
278
63
409
239
360
19
303
317
333
437
389
264
135
276
29
117
500
274
216
204
61
206
381
490
416
417
17
393
58
136
318
188
192
50
120
112
173
44
166
103
458
450
486
338
3
410
227
169
118
184
217
234
27
146
394
73
182
420
324
444
3
410
259
197
120
202
73
85
156
417
444
456
108
113
246
111
220
44
487
6
191
349
276
375
419
84
161
47
157
48
430
254
221
222
101
48
191
290
218
301
338
142
14
202
240
261
126
414
400
283
354
139
433
318
711
957
932
640
603
840
953
846
901
935
770
724
536
569
711
900
966
568
658
605
805
672
814
987
859
646
693
672
508
662
765
779
615
730
896
952
683
792
734
903
802
632
740
910
522
999
563
617
518
641
649
512
752
824
991
539
643
946
782
957
647
781
837
739
670
992
609
807
674
760
716
673
834
756
803
673
932
904
964
860
582
576
654
868
512
752
526
791
739
856
809
738
509
777
755
521
795
501
740
531
890
757
943
758
925
977
678
997
521
818
607
739
983
923
874
571
627
969
726
918
965
818
567
818
951
979
664
556
500
782
878
931
664
932
971
826
633
896
943
536
574
530
770
922
749
570
756
587
904
684
894
826
775
823
566
572
689
624
808
947
813
622
996
739
940
676
575
550
952
548
938
731
526
690
843
935
547
646
569
881
722
576
653
817
888
552
656
842
865
899
637
508
587
996
724
953
534
531
982
572
996
705
635
855
747
663
800
585
980
632
524
543
555
927
724
736
969
679
852
888
520
733
686
553
912
929
644
530
966
891
901
516
664
997
886
517
941
798
569
725
752
571
862
733
874
594
953
661
772
988
984
855
679
594
551
762
519
582
944
818
518
769
619
588
732
508
879
559
541
707
796
671
609
626
635
950
872
954
680
818
976
984
759
979
908
545
837
570
945
623
999
859
854
751
706
983
953
773
501
866
715
894
619
564
692
813
745
553
959
602
890
566
902
626
843
535
510
640
681
686
671
808
614
918
709
938
817
859
921
653
998
598
952
815
602
581
864
694
787
594
800
784
612
843
734
932
957
728
909
670
972
812
592
815
694
908
779
701
856
755
997
887
633
806
604
792
614
587
524
761
672
817
854
586
886
888
695
772
684
777
981
589
950
750
681
686
505
637
620
694
803
663
838
531
598
914
651
807
739
942
818
869
703
648
999
655
958
506
930
807
712
507
517
579
774
907
938
883
624
919
786
977
968
830
959
509
980
822
988
973
737
888
533
742
959
612
886
802
752
525
728
1000
708
814
982
795
645
758
758
691
977
768
682
821
655
841
901
873
689
989
676
635
518
957
569
825
975
775
620
661
521
635
630
599
690
787
769
654
849
663
864
721
563
796
996
969
706
713
586
618
711
513
612
763
850
592
982
751
744
657
1110
1145
1439
1090
1000
1051
1147
1345
1375
1107
1396
1395
1057
1099
1399
1184
1337
1001
1053
1382
1439
1390
1443
1215
1278
1014
1134
1022
1480
1108
1348
1481
1311
1422
1444
1160
1014
1471
1357
1018
1243
1212
1079
1075
1358
1184
1490
1378
1466
1209
1045
1256
1230
1368
1166
1220
1203
1224
1313
1486
1418
1125
1365
1267
1260
1415
1083
1136
1155
1239
1169
1367
1144
1034
1138
1227
1311
1367
1358
1093
1025
1257
1057
1270
1063
1091
1250
1444
1256
1223
1458
1291
1157
1371
1101
1118
1347
1313
1316
1443
1100
1353
1222
1227
1039
1178
1111
1195
1229
1439
1410
1336
1366
1219
1461
1160
1067
1095
1203
1168
1165
1140
1381
1432
1281
1379
1209
1274
1434
1019
1380
1498
1050
1416
1494
1172
1034
1330
1230
1385
1481
1054
1214
1317
1314
1121
1425
1438
1410
1441
1051
1252
1109
1148
1277
1461
1473
1290
1446
1161
1469
1338
1262
1209
1058
1412
1285
1451
1226
1289
1126
1238
1365
1319
1188
1111
1427
1063
1118
1159
1454
1272
1364
1493
1469
1128
1388
1403
1138
1033
1199
1244
1385
1069
1416
1142
1292
1004
1258
1402
1336
1475
1212
1121
1315
1314
1387
1291
1460
1166
1034
1409
1172
1286
1207
1197
1474
1270
1241
1431
1023
1383
1312
1193
1090
1382
1353
1296
1403
1045
1319
1422
1306
1217
1323
1479
1060
1243
1177
1155
1242
1097
1443
1472
1500
1290
1072
1098
1362
1219
1169
1022
1264
1328
1378
1454
1163
1018
1031
1434
1461
1091
1388
1414
1348
1112
1103
1455
1464
1228
1137
1231
1092
1085
1189
1427
1440
1340
1194
1300
1309
1255
1434
1184
1377
1296
1158
1479
1340
1370
1316
1041
1212
1243
1195
1150
1209
1028
1124
1387
1187
1117
1135
1134
1081
1439
1430
1179
1138
1451
1013
1323
1325
1231
1124
1206
1157
1204
1037
1051
1455
1124
1115
1094
1413
1096
1018
1349
1390
1038
1217
1412
1215
1307
1112
1191
1120
1300
1103
1439
1367
1479
1340
1389
1356
1493
1216
1481
1119
1490
1494
1005
1492
1073
1432
1063
1001
1041
1222
1486
1420
1080
1289
1100
1234
1102
1108
1017
1119
1434
1085
1358
1101
1098
1184
1476
1284
1227
1238
1420
1381
1037
1230
1401
1045
1211
1420
1142
1376
1048
1189
1079
1078
1117
1019
1286
1190
1239
1154
1254
1385
1198
1361
1185
1404
1135
1405
1394
1389
1457
1279
1275
1303
1302
1105
1382
1350
1389
1055
1022
1182
1466
1142
1070
1244
1006
1279
1484
1079
1399
1286
1044
1072
1485
1034
1182
1176
1044
1497
1410
1307
1026
1254
1419
1270
1415
1276
1276
1012
1137
1436
1302
1184
1132
1071
1419
1055
1290
1442
1397
1357
1422
1314
1491
1171
1234
1202
1319
1267
1423
1205
1305
1392
1146
1216
1156
1212
1224
1301
1329
1231
1002
1471
1443
1463
1484
1361
1441
1413
1115
1126
1386
1103
1099
1053
1385
1213
1264
1248
1035
1927
1946
1521
1931
1509
1732
1829
1883
1553
1559
1988
1702
1823
1884
1916
1539
1993
1544
1672
1564
1785
1914
1945
1869
1720
1739
1726
1683
1892
1557
1536
1820
1833
1805
1789
1544
1947
1836
1572
1789
1856
1966
1897
1869
1791
1999
1855
1630
1697
1954
1876
1511
1541
1865
1616
1513
1501
1653
1711
1771
1506
1646
1992
1997
1523
1668
1869
1517
1595
1871
1592
1657
1972
1883
1708
1819
1516
1575
1577
1721
1885
1595
1986
1938
1681
1524
1778
1969
1688
1775
1543
1794
1624
1802
1782
1710
1975
1901
1846
1623
1630
1837
1534
1827
1861
1718
1539
1658
1656
1798
1997
1926
1575
1991
1887
1911
1661
1554
1815
1999
1890
1901
1830
1820
1828
1799
1532
1670
1600
1999
1845
1616
1730
1955
1591
1547
1560
1659
1576
1963
1986
1620
1812
1890
1779
1617
1719
1634
1916
1872
1549
1920
1585
1848
1733
1729
1506
1715
1999
1562
1686
1870
1557
1658
1953
1881
1696
1620
1899
1839
1851
1501
1978
1853
1512
1770
1589
1940
1541
1710
1579
1899
1754
1729
1949
1925
1530
1882
1722
1862
1540
1846
1660
1514
1777
1615
1562
1653
1937
1898
1922
1598
1735
1576
1521
1547
1943
1733
1835
1964
1640
1567
1673
1788
1983
1788
1615
1829
1709
1528
1851
1814
1899
1537
1798
1504
1841
1964
1575
1898
1708
1936
1502
1644
1788
1982
1663
1677
1708
1902
1982
1798
1546
1759
1721
1974
1673
1873
1531
1990
2000
1733
1944
1909
1547
1608
1700
1698
1779
1516
1706
1980
1657
1938
1755
1705
1564
1529
2000
1501
1624
1939
1620
1808
1546
1552
1767
1640
1816
1824
1832
1969
1932
1586
1898
1975
1992
1594
1597
1680
1782
1965
1899
1691
1695
1502
1641
1609
1503
1516
1909
1644
1873
1529
1865
1561
1612
1636
1862
1995
1842
1559
1882
1955
1685
1738
1547
1570
1540
1781
1714
1971
1932
1820
1720
1660
1539
1930
1613
1544
1912
1657
1637
1800
1916
1688
1596
1902
1722
1836
1862
1856
1732
1602
1838
1722
1582
1944
1506
1957
1955
1570
1569
1722
1803
1939
1712
1552
1810
1705
1521
1683
1522
1818
1583
1684
1923
1582
1539
1998
1642
1646
1849
1704
1920
1858
1738
1830
1983
1999
1577
1596
1924
1656
1590
1841
1588
1915
1998
1977
1976
1543
1592
1517
1814
1678
1833
1915
1519
1654
1800
1500
1904
1508
1815
1809
1721
1865
1803
1945
1700
1882
1570
1812
1627
1926
1760
1866
1727
1742
1595
1507
1585
1562
1521
1598
1553
1832
1890
1741
1525
1824
1811
1828
1698
1576
1692
1915
1842
1782
1619
1724
1612
1552
1777
1594
1974
1781
1890
1889
1919
1968
1687
1777
1558
1792
1915
1841
1988
1717
1755
1890
1975
1562
1920
1876
1571
1742
1613
1550
1733
1846
1524
1946
1622
1872
1896
1532
1786
1928
1625
1773
1943
1501
1823
1557
1636
1534
1769
1907
1662
1851
1927
1625
1526
1730
1749
1549
1633
1901
2143
2161
2398
2229
2126
2039
2179
2436
2126
2234
2166
2174
2410
2272
2273
2101
2199
2468
2334
2232
2013
2320
2496
2388
2005
2125
2304
2302
2112
2295
2318
2371
2320
2183
2246
2462
2235
2309
2020
2482
2350
2152
2226
2132
2024
2490
2053
2260
2233
2115
2226
2032
2158
2160
2028
2323
2165
2010
2224
2000
2235
2377
2323
2332
2416
2296
2355
2226
2026
2312
2366
2390
2448
2353
2383
2362
2093
2364
2363
2016
2072
2043
2068
2498
2069
2286
2212
2159
2155
2423
2296
2225
2085
2019
2246
2473
2330
2395
2216
2229
2134
2327
2234
2422
2249
2336
2085
2306
2278
2166
2229
2302
2147
2207
2429
2191
2309
2326
2262
2130
2083
2196
2071
2104
2015
2141
2305
2428
2106
2410
2032
2199
2147
2134
2382
2245
2310
2147
2248
2234
2201
2407
2382
2489
2193
2495
2078
2378
2091
2054
2163
2003
2132
2085
2146
2439
2256
2129
2406
2108
2030
2157
2199
2368
2134
2030
2154
2012
2326
2183
2382
2162
2078
2028
2430
2176
2315
2082
2411
2021
2062
2428
2336
2052
2246
2028
2066
2061
2489
2443
2490
2180
2241
2139
2203
2043
2207
2013
2355
2162
2340
2065
2052
2409
2173
2001
2426
2104
2156
2470
2124
2174
2219
2385
2046
2103
2322
2147
2121
2105
2465
2092
2024
2383
2194
2201
2422
2440
2325
2387
2469
2301
2228
2249
2181
2497
2376
2428
2379
2245
2103
2463
2406
2018
2319
2315
2462
2357
2092
2100
2221
2060
2393
2249
2198
2248
2041
2169
2214
2472
2080
2487
2279
2270
2000
2324
2446
2470
2203
2049
2228
2394
2268
2377
2002
2002
2187
2005
2064
2379
2239
2064
2347
2225
2165
2409
2409
2479
2050
2434
2456
2206
2213
2407
2164
2116
2183
2135
2018
2496
2370
2492
2153
2042
2373
2327
2292
2015
2247
2196
2060
2035
2105
2336
2233
2015
2139
2054
2105
2092
2415
2467
2420
2270
2094
2021
2181
2361
2212
2386
2319
2051
2488
2069
2009
2248
2412
2304
2353
2338
2116
2393
2232
2354
2373
2420
2100
2378
2174
2149
2477
2129
2030
2426
2080
2403
2072
2383
2449
2351
2146
2432
2304
2362
2378
2008
2048
2036
2327
2485
2103
2336
2201
2268
2477
2022
2235
2065
2397
2174
2422
2304
2187
2063
2409
2189
2021
2061
2490
2106
2175
2029
2355
2002
2191
2185
2088
2370
2477
2364
2372
2064
2051
2189
2045
2141
2428
2263
2450
2057
2167
2006
2486
2275
2430
2343
2245
2241
2453
2188
2488
2487
2047
2220
2310
2074
2481
2199
2076
2292
2435
2365
2089
2033
2302
2357
2253
2498
2017
2267
2262
2259
2112
2432
2439
2169
2043
2080
2072
2349
2440
2348
2417
2289
2377
2386
2016
2331
2380
2471
2160
2229
2186
2158
2123
2303
2418
2453
2474
2072
2090
2247
2223
2185
2427
2228
2374
2115
2282
2140
2031
2401
2126
2227
2352
2086
2448
2300
2157
2416
2341
2422
2117
2047
2107
2032
2072
2455
2309
2136
2673
2621
2894
2617
2738
2585
2682
2520
2747
2724
2565
2806
2866
2593
2586
2941
2916
2601
2592
2967
2757
2841
2694
2706
2829
2576
2680
2833
2598
2712
2702
2770
2807
2904
2790
2806
2611
2537
2797
2526
2663
2992
2570
2519
2865
2722
2746
2947
2738
2863
2883
2527
2978
2671
2766
2833
2928
2687
2788
2661
2905
2849
2922
2535
2522
2795
3000
2963
2803
2780
2830
2879
2804
2566
2804
2766
2771
2674
2842
2607
2831
2734
2595
2736
2829
2675
2792
2635
2637
2958
2879
2924
2749
2636
2622
2814
2570
2535
2998
2569
2722
2783
2643
2958
2533
2504
2724
2912
2868
2500
2562
2753
2846
2681
2830
2670
2754
2686
2706
2847
2502
2864
2826
2846
2902
2906
2629
2667
2944
2990
2695
2736
2677
2772
2885
2548
2591
2637
2702
2825
2952
2881
2768
2636
2895
2625
2578
2568
2806
2953
2560
2884
2829
2650
2566
2859
2958
2797
2556
2627
2875
2556
2969
2878
2805
2827
2575
2573
2796
2782
2579
2616
2985
2882
2896
2622
2596
2689
2952
2777
2828
2561
2862
2992
2930
2812
2907
2527
2706
2526
2591
2794
2581
2574
2950
2895
2913
2890
2832
2568
2549
2505
2773
2524
2873
2944
2900
2948
2755
2944
2762
2768
2846
2779
2800
2814
2695
2977
2948
2994
2920
2548
2867
2769
2691
2785
2535
2910
2932
2500
2710
2706
2857
2883
2727
2823
2788
2838
2618
2987
2912
2960
2773
2762
2765
2823
2948
2802
2775
2636
2700
2936
2943
2839
2648
2500
2638
2504
2833
2587
2908
2991
2515
2754
2734
2555
2911
2964
2552
2978
2525
2857
2858
2961
2581
2961
2776
2605
2503
2868
2837
2734
2635
2795
2800
2775
2764
2518
2735
2726
2684
2784
2504
2530
2579
2922
2944
2518
2528
2709
2912
2985
2750
2797
2611
2843
2577
2982
2758
2687
2725
2533
2500
2965
2751
2674
2856
2721
2954
2960
2792
2893
2728
2826
2793
2742
2853
2827
2882
2659
2517
2758
2576
2795
2957
2853
2984
2838
2684
2957
2697
2783
2761
2547
2501
2651
2783
2539
2780
2905
2566
2723
2564
2569
2917
2519
2756
2924
2503
2869
2991
2751
2599
2598
2669
2968
2957
2705
2508
2899
2690
2517
2536
2998
2762
2509
2631
2681
2825
2642
2959
2813
2547
2978
2593
2795
2693
2507
2878
2937
2596
2560
2834
2816
2967
2947
2683
2663
2878
2533
2694
2577
2531
2882
2715
2549
2686
2567
2807
2908
2889
2575
2598
2861
2911
2678
2704
2622
2504
2875
2774
2950
2828
2572
2802
2629
2683
2721
2531
2816
2826
2969
2803
2792
2949
2881
2781
2665
2763
2544
2608
2626
2700
2971
2548
2520
2962
2973
2905
2789
2743
2561
2658
2503
2759
2745
2750
2960
2579
2585
2866
2966
2536
2991
2582
2921
2772
2807
2913
2529
2897
2538
2860
2961
2766
2648
2749
2857
2524
2782
2667
2710
2816
2742
2573
2764
2810
2800
2532
2704
2630
2822
2585
2677
2678
2642
2590
2709
2889
2627
3090
3286
3436
3179
3087
3068
3285
3295
3267
3354
3205
3141
3457
3429
3178
3164
3380
3074
3388
3245
3219
3429
3345
3473
3213
3402
3273
3276
3333
3045
3185
3439
3019
3260
3398
3251
3272
3076
3143
3125
3000
3121
3314
3134
3076
3282
3422
3123
3192
3353
3327
3328
3297
3119
3311
3161
3441
3463
3466
3186
3295
3009
3463
3221
3168
3267
3121
3196
3031
3427
3393
3303
3431
3263
3245
3098
3115
3210
3396
3432
3480
3150
3083
3481
3219
3357
3141
3401
3450
3236
3310
3309
3110
3458
3331
3492
3159
3092
3466
3310
3160
3226
3092
3265
3461
3023
3397
3034
3375
3212
3046
3230
3067
3034
3207
3145
3426
3483
3002
3312
3125
3221
3246
3295
3117
3083
3193
3474
3432
3253
3440
3022
3245
3086
3271
3253
3057
3318
3019
3195
3460
3106
3025
3237
3190
3080
3241
3076
3251
3185
3066
3176
3090
3154
3184
3440
3481
3298
3148
3377
3330
3424
3102
3122
3273
3023
3486
3482
3263
3454
3088
3107
3463
3307
3353
3019
3195
3008
3105
3036
3343
3117
3223
3247
3187
3263
3433
3091
3402
3332
3272
3260
3170
3142
3366
3036
3003
3404
3465
3166
3094
3260
3313
3297
3097
3459
3214
3283
3301
3165
3245
3473
3193
3111
3034
3213
3200
3356
3435
3010
3091
3395
3079
3432
3181
3328
3438
3320
3442
3316
3015
3291
3044
3439
3442
3082
3304
3426
3149
3228
3049
3149
3290
3237
3086
3300
3067
3058
3108
3152
3336
3148
3470
3455
3074
3200
3181
3382
3115
3269
3021
3394
3341
3485
3150
3454
3429
3254
3169
3453
3409
3275
3207
3206
3461
3443
3105
3342
3345
3381
3261
3379
3212
3289
3481
3368
3322
3089
3365
3242
3401
3423
3310
3380
3207
3156
3308
3305
3087
3133
3372
3313
3389
3156
3244
3061
3442
3263
3494
3132
3095
3339
3036
3235
3008
3142
3181
3052
3004
3282
3131
3339
3390
3428
3051
3486
3465
3327
3500
3305
3134
3300
3255
3211
3008
3448
3491
3056
3045
3419
3427
3059
3096
3232
3146
3062
3387
3075
3372
3065
3475
3256
3300
3305
3002
3033
3424
3461
3105
3259
3097
3114
3264
3188
3498
3295
3083
3325
3226
3060
3152
3125
3007
3085
3356
3072
3242
3157
3282
3489
3098
3389
3455
3435
3331
3379
3500
3451
3209
3476
3024
3029
3451
3286
3322
3312
3295
3408
3235
3351
3479
3062
3350
3311
3413
3349
3249
3215
3449
3430
3291
3267
3179
3116
3160
3208
3159
3330
3358
3119
3295
3133
3115
3250
3036
3123
3175
3221
3263
3044
3277
3335
3422
3431
3009
3036
3038
3144
3021
3482
3130
3285
3001
3279
3184
3258
3350
3334
3126
3113
3152
3466
3049
3116
3055
3346
3447
3099
3274
3290
3174
3027
3452
3405
3153
3457
3345
3249
3106
3123
3170
3015
3308
3377
3489
3010
3132
3336
3066
3279
3274
3341
3094
3150
3392
3311
3285
3306
3375
3164
3090
3439
3370
3232
3307
3102
3334
3096
3126
3228
3553
3587
3571
3590
3555
3584
3559
3550
3582
3590
3563
3571
3567
3576
3570
3574
3556
3572
3573
3593
3565
3561
3589
3550
3554
3570
3571
3561
3589
3595
3589
3592
3562
3575
3565
3568
3567
3555
3597
3567
3592
3570
3556
3586
3570
3587
3595
3582
3588
3583
3665
3748
3637
3939
3957
3747
3935
3718
3962
3946
3932
3944
3777
3773
3829
3615
3623
3981
3659
3731
3610
3924
3915
3749
3681
3766
3813
3633
3672
3976
3860
3996
3818
3980
3866
3869
3805
3725
3716
3619
3633
3742
3649
3973
3856
3786
3641
3848
3724
3641
3689
3968
3778
3920
3980
3741
3833
3888
3858
3790
3934
3901
3645
3987
3686
3936
3726
3797
3907
3960
3811
3898
3864
3640
3697
3869
3875
3943
3894
3895
3725
3965
3910
3630
3886
3892
3818
3899
4000
3725
3636
3918
3868
3926
3686
3733
3696
3662
3886
3920
3660
3844
3941
3765
3831
3791
3704
3738
3822
3711
3867
3890
3994
3963
3665
3969
3992
3615
3701
3795
3718
3828
3798
3782
3923
3894
3629
3938
3955
3965
3773
3812
3657
3974
3835
3881
3624
3745
3800
3695
3787
3679
3676
3888
3858
3746
3924
3906
3861
3717
3742
3681
3962
3690
3801
3832
3646
3759
3842
3938
3762
3766
3784
3857
3939
3654
3833
3619
3728
3785
3945
3846
3815
3605
3607
3638
3751
3910
3924
3777
3970
3724
3677
3837
3823
3691
3850
3967
3773
3602
3835
3866
3904
3862
3933
3621
3896
3820
3950
3804
3914
3904
3778
3676
3773
3896
3866
3956
3683
3763
3681
3736
3835
3664
3968
3638
3688
3947
3634
3847
3804
3867
3847
3725
3950
3678
3943
3953
3673
3987
3743
3932
3960
3720
3864
3665
3946
3601
3664
3928
3825
3895
3884
3609
3921
3698
3630
3839
3894
3895
3933
3950
3785
3702
4000
3647
3657
3652
3726
3694
3953
3913
3883
3696
3620
3750
3776
3715
3801
3903
3692
3687
3882
3707
3622
3910
3983
3837
3804
3852
3647
3704
3658
3778
3653
3793
3746
3858
3721
3817
3608
3893
3876
3971
3975
3912
3611
3787
3990
3771
3922
3916
3637
3992
3802
3846
3667
3678
3680
3689
3664
3820
3849
3874
3646
3849
3855
3704
3643
3827
3603
3919
3994
3985
3894
3799
3812
3912
3732
3710
3899
3796
3847
3632
3930
3732
3666
3667
3976
3808
3726
3668
3777
3631
3753
3788
3644
3601
3925
3726
3657
3907
3743
3763
3768
3603
3922
3653
3698
3603
3633
3755
3947
3971
3791
3868
3973
3816
3944
3915
3782
3787
3729
3836
3700
3936
3741
3963
3832
3705
3754
3810
3988
3606
3652
3992
3652
3684
3865
3927
3810
3612
3970
3973
3774
3972
3722
3807
3841
3885
3816
3829
3657
3610
3944
3870
3778
3908
3663
3832
3862
3960
3822
3993
3849
3824
3768
3940
3918
3799
3816
3889
3951
3617
3704
3769
3818
3756
3661
3729
3814
3935
3721
3947
3890
3926
3752
3978
3662
3782
3813
3744
3620
3632
3664
3850
3791
3977
3723
3951
4026
4013
4222
4172
4042
4326
4319
4065
4393
4089
4313
4098
4427
4172
4368
4011
4373
4418
4486
4072
4460
4410
4453
4074
4441
4013
4498
4382
4079
4381
4419
4001
4233
4177
4381
4313
4196
4352
4241
4398
4240
4224
4348
4336
4351
4459
4379
4248
4391
4249
4496
4398
4095
4266
4435
4117
4060
4148
4232
4028
4328
4438
4486
4011
4171
4312
4366
4250
4292
4054
4315
4021
4177
4087
4332
4236
4062
4117
4223
4482
4135
4250
4491
4330
4386
4021
4406
4467
4242
4263
4252
4048
4120
4212
4070
4303
4238
4336
4164
4038
4093
4129
4456
4336
4435
4474
4220
4008
4434
4199
4055
4444
4425
4250
4394
4077
4447
4156
4126
4150
4407
4400
4007
4028
4302
4266
4402
4465
4016
4029
4499
4226
4453
4184
4388
4005
4294
4154
4396
4412
4301
4397
4032
4043
4208
4309
4124
4370
4319
4493
4356
4082
4209
4014
4132
4194
4121
4428
4034
4169
4072
4256
4493
4405
4201
4329
4491
4240
4362
4388
4284
4292
4260
4215
4349
4009
4367
4465
4321
4494
4141
4031
4146
4023
4174
4416
4017
4439
4052
4194
4385
4367
4120
4226
4339
4044
4405
4128
4343
4379
4319
4384
4007
4431
4209
4063
4322
4494
4165
4122
4328
4157
4106
4041
4027
4041
4110
4469
4231
4285
4312
4052
4187
4168
4003
4417
4172
4033
4377
4305
4105
4239
4121
4442
4174
4257
4023
4215
4315
4110
4094
4023
4273
4431
4367
4228
4260
4079
4199
4298
4435
4437
4398
4058
4067
4267
4197
4340
4428
4292
4392
4288
4117
4361
4017
4089
4035
4165
4367
4270
4017
4395
4153
4120
4190
4288
4279
4257
4302
4276
4157
4092
4335
4078
4370
4168
4341
4062
4375
4408
4060
4184
4288
4022
4219
4306
4406
4412
4413
4277
4192
4095
4213
4430
4281
4039
4283
4277
4368
4279
4488
4440
4038
4151
4135
4299
4454
4039
4492
4349
4248
4474
4291
4459
4209
4334
4107
4131
4402
4384
4383
4367
4345
4024
4084
4061
4380
4405
4298
4330
4385
4063
4195
4095
4421
4121
4145
4136
4387
4420
4353
4367
4421
4063
4029
4219
4304
4254
4221
4447
4433
4152
4376
4484
4397
4120
4095
4013
4067
4073
4419
4048
4241
4161
4465
4184
4278
4196
4038
4088
4188
4472
4244
4482
4031
4015
4446
4281
4495
4366
4258
4125
4184
4351
4398
4233
4188
4211
4198
4300
4026
4132
4068
4313
4001
4305
4125
4260
4099
4345
4441
4108
4216
4132
4259
4462
4408
4395
4453
4382
4174
4314
4018
4202
4316
4294
4364
4390
4263
4231
4497
4066
4498
4238
4062
4056
4403
4432
4481
4227
4391
4186
4182
4150
4425
4149
4410
4051
4092
4437
4326
4294
4259
4317
4125
4212
4113
4367
4497
4208
4441
4235
4498
4369
4349
4374
4111
4478
4070
4203
4058
4476
4414
4226
4492
4489
4132
4369
4277
4167
4384
4313
4298
4326
4405
4202
4308
4181
4113
4350
4443
4036
4435
4273
4287
4155
4189
4314
4301
4051
5000
4695
4574
4969
4680
4554
4583
4656
4927
4524
4650
4836
4585
4800
4662
4661
4517
4812
4830
4646
4939
4756
4682
4761
4642
4732
4876
4787
4706
4930
4660
4959
4614
4802
4928
4533
4567
4607
4921
4606
4900
4570
4727
4616
4594
4529
4972
4717
4696
4833
4775
4571
4698
4508
4654
4743
4512
4813
4827
4949
4678
4797
4950
4998
4865
4691
4721
4784
4873
4628
4594
4911
4891
4723
4747
4869
4528
4566
4667
4612
4760
4659
4590
4874
4654
4588
4760
4606
4647
4684
4521
4754
4780
4973
4929
4602
4620
4730
4752
4903
4808
4688
4845
4568
4738
4865
4681
4976
4761
4786
4714
4946
4645
4714
4688
4519
4706
4576
4843
4776
4932
4615
4636
4688
4606
4840
4630
4919
4795
4644
4748
4799
4815
4765
4805
4572
4814
4522
4635
4789
4908
4785
4845
4862
4971
4575
4609
4566
4784
4910
4896
4544
4888
4977
4971
4693
4551
4657
4962
4898
4735
4762
4680
4617
4537
4916
4631
4881
4910
4615
4705
4684
4941
4553
4868
4647
4770
4774
4718
4531
4731
4563
4634
4886
4748
4704
4911
4839
4794
4611
4520
4657
4561
4738
4554
4645
4604
4728
4824
4554
4945
4729
4657
4668
4704
4712
4603
4834
4608
4824
4924
4777
4940
4930
4667
4671
4627
4795
4869
4833
4504
4792
4586
4798
4595
4548
4622
4703
5000
4722
4542
4542
4951
4663
4586
4502
4907
4967
4681
4535
4600
4577
4730
4971
4688
4743
4717
4631
4570
4883
4517
4809
4859
4991
4549
4652
4642
4859
4573
4656
4589
4901
4835
4887
4781
4881
4827
4776
4844
4664
4765
4661
4614
4834
4733
4928
4562
4616
4610
4852
4831
4992
4632
4616
4704
4733
4684
4960
4614
4935
4861
4547
4893
4525
4947
4700
4742
4844
4689
4807
4917
4942
4788
4906
4617
4856
4695
4525
4758
4621
4590
4525
4749
4722
4825
4598
4769
4718
4682
4547
4697
4868
4662
4909
4804
4718
4769
4589
4888
4532
4685
4718
4928
4803
4935
4890
4704
4726
5000
4848
4538
4659
4701
4993
4844
4835
4798
4670
4700
4848
4932
4523
4662
4641
4609
4548
4779
4879
4602
4899
4587
4606
4638
4726
4937
4873
4597
4946
4787
4935
4895
4542
4719
4834
4509
4538
4667
4669
4565
4969
4921
4598
4889
4539
4601
4662
4555
4786
4693
4887
4610
4825
4624
4600
4761
4932
4520
4976
4556
4972
4737
4852
4883
4766
4954
4889
4804
4828
4632
4571
4882
4610
4814
4633
4979
4989
4718
4598
4625
4775
4817
4812
4752
4901
4824
4569
4919
4619
4573
4578
4517
4692
4613
4593
4732
4568
4715
4623
4585
4712
4858
4728
4654
4622
4504
4500
4511
4992
4621
4772
4713
4923
4850
4781
4655
4926
4599
4983
4942
4884
4971
4685
4755
4553
4553
4690
4997
4720
4901
4911
4773
4595
4512
4914
4918
4589
4657
4630
4896
4824
4557
4927
4998
4801
4865
4595
4842
4832
4939
4806
4969
4733
4681
4701
4741
4672
4973
4600
4568
4815
5445
5074
5044
5194
5155
5454
5471
5087
5402
5108
5111
5489
5181
5069
5356
5153
5295
5286
5184
5040
5111
5482
5304
5124
5055
5136
5219
5025
5417
5151
5234
5096
5463
5385
5323
5365
5315
5397
5094
5309
5465
5264
5205
5432
5452
5056
5017
5401
5198
5312
5416
5130
5260
5407
5405
5463
5270
5420
5139
5019
5235
5445
5170
5250
5374
5014
5026
5296
5247
5492
5339
5399
5191
5376
5076
5347
5276
5372
5172
5500
5118
5319
5327
5104
5236
5104
5337
5055
5481
5360
5094
5395
5258
5074
5074
5019
5094
5456
5058
5437
5029
5222
5154
5207
5473
5017
5439
5384
5331
5057
5187
5399
5248
5139
5401
5416
5117
5065
5014
5270
5178
5471
5315
5387
5397
5445
5141
5117
5302
5057
5253
5320
5314
5235
5470
5397
5165
5120
5131
5218
5165
5453
5225
5424
5172
5196
5147
5118
5173
5158
5402
5028
5441
5288
5259
5059
5407
5267
5311
5028
5377
5322
5082
5273
5304
5368
5084
5012
5169
5004
5251
5498
5435
5296
5104
5226
5245
5392
5214
5200
5298
5022
5444
5143
5155
5225
5379
5025
5477
5411
5491
5398
5310
5103
5342
5344
5370
5453
5120
5305
5112
5135
5449
5169
5408
5405
5094
5145
5183
5033
5315
5015
5052
5110
5231
5354
5378
5440
5117
5078
5489
5058
5035
5259
5013
5353
5187
5331
5455
5261
5356
5293
5271
5409
5088
5163
5073
5275
5236
5251
5131
5234
5342
5443
5096
5476
5346
5200
5372
5488
5467
5431
5335
5041
5317
5053
5099
5190
5155
5054
5217
5263
5190
5423
5177
5021
5244
5143
5022
5068
5280
5102
5204
5367
5448
5254
5216
5092
5163
5038
5006
5488
5459
5467
5295
5426
5459
5230
5092
5035
5063
5384
5119
5181
5034
5368
5043
5420
5266
5074
5231
5202
5177
5304
5208
5364
5226
5469
5093
5063
5337
5006
5026
5117
5048
5229
5304
5224
5128
5252
5063
5014
5051
5488
5004
5397
5484
5023
5332
5079
5210
5297
5327
5088
5307
5305
5310
5155
5259
5431
5199
5491
5136
5028
5198
5057
5357
5001
5133
5305
5064
5320
5291
5013
5011
5217
5151
5190
5300
5312
5380
5203
5136
5014
5354
5040
5179
5439
5310
5244
5420
5149
5466
5197
5052
5073
5378
5022
5289
5447
5039
5482
5391
5027
5015
5391
5005
5314
5077
5090
5153
5119
5355
5447
5050
5497
5354
5122
5175
5158
5379
5419
5192
5390
5386
5415
5354
5094
5461
5439
5340
5128
5402
5353
5272
5399
5313
5109
5499
5463
5034
5366
5361
5220
5090
5300
5294
5018
5147
5056
5219
5256
5348
5131
5067
5120
5290
5001
5141
5101
5036
5412
5353
5138
5250
5024
5218
5002
5175
5152
5183
5245
5123
5212
5123
5013
5057
5472
5299
5086
5120
5335
5448
5405
5219
5083
5281
5271
5285
5151
5108
5312
5468
5398
5427
5123
5012
5223
5470
5065
5081
5292
5344
5495
5373
5475
5132
5135
5007
5054
5063
5319
5202
5055
5481
5201
5465
5448
5419
5167
5898
5553
5905
5676
5773
5739
5723
5665
5690
5612
5863
5853
5512
5551
5943
5791
5923
5859
5853
5516
5991
5730
5876
5773
5580
5734
5569
5998
5869
5950
5668
5678
5558
5755
5783
5610
5578
5605
5765
5612
5988
5902
5936
5917
5566
5631
5934
5898
5737
5592
5772
5557
5896
5525
5991
5667
5678
5631
5595
5539
5669
5726
5796
5741
5944
5685
5794
5757
5769
5832
5712
5818
5593
5740
5528
5588
5794
5960
5706
5950
5800
5672
5760
5777
5678
5611
5783
5532
5765
5615
5933
5947
5509
5726
5943
5761
5606
5695
5973
5882
5837
5676
5629
5905
5880
5954
5964
5655
5997
5902
5874
5718
5925
5645
5739
5997
5966
5518
5562
5832
5903
5762
5993
5653
5899
5766
5808
5867
5797
5767
5982
5599
5987
5825
5612
5623
5543
5855
5898
5724
5648
5627
5535
5863
5742
5714
5521
5864
5988
5946
5796
5587
5632
5641
5980
5575
5684
5976
5505
5613
5645
5596
5858
5729
5920
5774
5732
5600
5533
5615
5954
5610
5621
5839
5684
5775
5726
5629
5912
5685
5744
5945
5880
5851
5972
5895
5967
5846
5845
5537
5940
5567
5850
5784
5578
5551
5769
5806
5943
5968
5983
5921
5831
5872
5993
5685
5966
5794
5957
5704
5849
5555
5564
5821
5870
5701
5717
5506
5758
5525
5808
5887
5755
5996
5676
5887
5761
5838
5760
5633
5505
5921
5686
5944
5702
5824
5613
5507
5859
5786
5930
5673
5890
5640
5689
5885
5502
5528
5914
5878
5835
5762
5548
5918
5660
5596
5665
5836
5696
5605
5925
5627
5533
5823
5699
5928
5869
5621
5619
5546
5588
5709
5648
5972
5596
5635
5998
5615
5806
5792
5884
5733
5924
5883
5799
5743
5872
5768
5783
5606
5658
5777
5812
5753
5862
5802
5639
5566
5942
5761
5515
5882
5909
5868
5789
5625
5614
5576
5822
5525
5598
5550
5530
5905
5722
5692
5703
5651
5524
5956
5555
5600
5838
5512
5888
5811
5898
5895
5610
5794
5996
5931
5673
5544
5776
5501
5824
5555
5593
5673
5629
5796
5946
5758
5507
5607
5747
5907
5531
5669
5598
5988
5541
5987
5705
5916
5544
5897
5981
5979
5728
5720
5966
5528
5529
5667
5878
5986
5629
5720
5869
5647
5558
5852
5826
5760
5654
5580
5505
5781
5564
5991
5863
5942
5695
5508
5890
5686
5839
5861
5958
5928
5575
5614
5946
5909
5830
5918
5728
5840
5730
5761
5778
5811
5801
5952
5930
5689
5660
5946
5761
5964
5892
5699
5915
5737
5857
5524
5833
5521
5778
5691
5647
5768
5762
5942
5571
5944
5907
5918
5930
5737
5852
5665
5551
5803
5713
5551
5640
5744
5578
5700
5526
5894
5599
5994
5535
5876
5700
5708
5551
5806
5585
5707
5562
5538
5614
5509
5549
5860
5880
5987
5783
5743
5515
5524
5612
5727
5648
5612
5524
5805
5885
5589
5943
5577
5664
5754
5669
5768
5906
5696
5743
5698
5866
5624
5652
5644
5602
5512
5688
5703
5502
5781
5865
5592
5917
5784
5878
5575
6325
6164
6321
6478
6148
6495
6254
6321
6478
6125
6389
6469
6111
6347
6211
6077
6262
6294
6421
6079
6121
6105
6115
6133
6233
6451
6187
6475
6227
6487
6365
6085
6147
6369
6443
6222
6405
6474
6038
6295
6303
6238
6354
6236
6097
6477
6223
6118
6315
6173
6151
6037
6446
6355
6004
6219
6048
6188
6244
6198
6308
6280
6094
6492
6260
6303
6321
6243
6405
6489
6173
6288
6255
6126
6276
6383
6252
6379
6035
6257
6227
6068
6160
6053
6335
6328
6139
6293
6364
6224
6174
6216
6230
6341
6488
6023
6144
6362
6477
6295
6155
6481
6214
6326
6000
6364
6282
6320
6078
6122
6468
6169
6153
6488
6471
6239
6119
6040
6156
6432
6164
6028
6379
6180
6315
6457
6057
6415
6138
6253
6238
6390
6403
6240
6101
6247
6354
6334
6052
6472
6046
6319
6214
6242
6256
6004
6062
6243
6371
6248
6404
6104
6206
6044
6131
6127
6101
6033
6011
6044
6306
6367
6182
6326
6384
6077
6266
6414
6386
6223
6386
6286
6488
6184
6386
6345
6314
6137
6425
6310
6394
6315
6043
6391
6350
6133
6184
6359
6109
6475
6146
6320
6322
6008
6166
6179
6137
6389
6358
6179
6238
6149
6357
6147
6362
6117
6117
6021
6159
6287
6313
6464
6109
6201
6151
6491
6323
6291
6477
6250
6393
6408
6304
6412
6077
6066
6464
6479
6018
6206
6207
6425
6280
6245
6071
6244
6459
6396
6028
6232
6016
6163
6200
6323
6161
6183
6210
6121
6358
6176
6356
6346
6413
6107
6286
6331
6346
6445
6070
6296
6154
6138
6002
6453
6079
6388
6183
6364
6129
6407
6031
6427
6263
6244
6234
6230
6207
6482
6251
6394
6356
6343
6121
6342
6350
6361
6012
6173
6460
6240
6399
6014
6326
6232
6078
6378
6160
6248
6243
6273
6500
6346
6492
6451
6144
6429
6083
6168
6373
6056
6124
6365
6194
6176
6440
6311
6017
6160
6103
6219
6376
6010
6405
6389
6008
6017
6101
6030
6166
6356
6069
6460
6238
6478
6395
6009
6352
6170
6198
6421
6277
6344
6300
6404
6116
6033
6320
6149
6293
6267
6361
6500
6144
6024
6398
6490
6442
6102
6443
6127
6328
6052
6002
6016
6487
6165
6126
6217
6282
6430
6460
6347
6463
6182
6442
6031
6210
6000
6273
6475
6197
6453
6238
6399
6496
6069
6315
6213
6079
6406
6068
6249
6228
6070
6093
6225
6342
6283
6417
6452
6407
6103
6367
6363
6308
6013
6037
6463
6083
6366
6279
6442
6329
6468
6431
6375
6315
6103
6021
6418
6350
6413
6137
6376
6362
6210
6119
6393
6089
6217
6189
6428
6083
6321
6067
6094
6085
6375
6091
6482
6032
6352
6130
6213
6127
6126
6420
6260
6140
6218
6410
6239
6262
6500
6101
6494
6467
6492
6000
6097
6395
6144
6374
6366
6177
6352
6358
6007
6401
6337
6290
6440
6011
6039
6385
6498
6282
6424
6249
6235
6291
6360
6253
6371
6307
6451
6166
6083
6220
6073
6128
6094
6374
6495
6087
6388
6479
6265
6036
6275
6726
6942
6996
6637
6819
6791
6822
6543
6674
6785
6572
6858
6544
6523
6821
6975
6500
6768
6797
6855
6538
6859
6638
6557
6864
6786
6927
6662
6829
6970
6611
6624
6533
6556
6814
6581
6847
6575
6852
6516
6831
6728
6505
6624
6788
6637
6761
6504
6710
6557
6983
6650
6542
6974
6906
6868
6803
6938
6773
6533
6865
6659
6715
6704
6673
6948
6824
6988
6709
6739
6628
6925
6916
6780
6523
6811
6853
6514
6770
6727
6524
6922
6952
6771
6988
6962
6582
6560
6651
6947
6778
6909
6802
6819
6652
6671
6513
6801
6951
6840
6813
6773
6795
6972
6930
6557
6734
6762
6950
6594
6514
6788
6667
6546
6508
6944
6707
6944
6717
6712
6865
6764
6837
6763
6962
6719
6622
6596
6628
6853
6798
6551
6564
6931
6915
6752
6626
6981
6842
6930
6727
6821
6610
6556
6932
6990
6741
6756
6810
6708
6964
6569
6584
6739
6975
6548
6936
6532
6509
6710
6936
6637
6633
6597
6797
6964
6724
6737
6631
6757
6817
6727
6602
6788
6985
6544
6654
6781
6831
6972
6978
6866
6787
6921
6889
6729
6968
6825
6956
6866
6816
6593
6972
6631
6994
6589
6688
6513
6759
6969
6765
6504
6624
6553
6891
6737
6967
6796
6754
6931
6895
6655
6702
6538
6733
6569
6851
6713
6709
6568
6996
6899
6782
6766
6942
6724
6755
6972
6794
6896
6856
6640
6521
6863
6706
6974
6742
6733
6529
6651
6762
6671
6571
6524
6972
6660
6892
6933
6899
6925
6739
6975
6805
6691
6973
6866
6723
6859
6611
6667
6982
6996
6502
6858
6575
6754
6633
6839
6832
6759
6828
6618
6684
6557
6806
6824
6828
6758
6794
6781
6832
6823
6572
6870
6657
6881
6836
6831
6890
6841
6751
6883
6621
6862
6669
6766
6669
6713
6950
6717
6527
6552
6601
6639
6596
6621
6791
6747
6886
6649
6538
6965
6565
6831
6836
6659
6923
6632
6701
6694
6919
6803
6950
6991
6508
6945
6997
6823
6889
6540
6654
6614
6808
6576
6754
6779
6721
6934
6773
6536
6590
6588
6946
6741
6802
6786
6818
6791
6525
6509
6843
6537
6511
6756
6799
6724
6603
6610
6630
6651
6624
6969
6859
6845
6995
6925
6657
6989
6576
6557
6939
6990
6860
6665
6603
6830
6858
6708
6689
6723
6627
6705
6797
6879
6697
6617
6602
6552
6778
6529
6675
6610
6803
6621
6912
6621
6730
6600
6747
6878
6629
6829
6714
6969
6570
6854
6677
6847
6652
6970
6867
6896
6922
6908
6524
6920
6672
6980
6648
6877
6822
6604
6711
6547
6882
6828
6686
6738
6754
6983
6599
6758
6962
6811
6594
6798
6991
6828
6808
6844
6940
6756
6901
6809
6663
6779
6689
6896
6597
6993
6950
6751
6952
6870
6555
6524
6618
6667
6586
6743
6667
6940
6592
6669
6870
6609
6935
6610
6813
6726
6929
6844
6671
6804
6938
6566
6703
6903
6884
6602
6639
6790
6641
6762
6533
6848
6806
6592
6756
6569
6680
6824
6741
6565
6677
6500
6663
6731
6939
6554
7287
7365
7269
7190
7081
7136
7462
7266
7114
7464
7065
7118
7150
7215
7321
7355
7086
7382
7213
7130
7420
7477
7356
7239
7102
7146
7015
7374
7465
7145
7003
7396
7350
7190
7391
7311
7309
7083
7027
7376
7364
7231
7085
7121
7066
7347
7345
7043
7121
7196
7319
7121
7486
7099
7275
7311
7008
7030
7087
7435
7120
7088
7301
7470
7460
7169
7269
7460
7324
7010
7046
7003
7354
7337
7266
7188
7391
7235
7172
7255
7302
7473
7252
7269
7326
7383
7411
7251
7416
7080
7303
7278
7496
7092
7256
7276
7431
7116
7161
7397
7078
7385
7219
7110
7149
7316
7267
7148
7333
7086
7421
7274
7359
7333
7133
7147
7336
7031
7144
7077
7258
7017
7044
7244
7208
7269
7007
7261
7081
7490
7258
7275
7073
7275
7177
7417
7253
7141
7120
7009
7115
7263
7418
7329
7160
7029
7419
7163
7460
7108
7441
7399
7473
7084
7138
7061
7341
7476
7403
7381
7308
7005
7066
7344
7329
7145
7200
7083
7155
7216
7394
7194
7412
7134
7463
7496
7100
7215
7084
7178
7350
7345
7302
7473
7049
7360
7303
7490
7136
7115
7076
7278
7239
7239
7202
7109
7196
7074
7000
7014
7329
7336
7007
7243
7215
7246
7487
7338
7121
7143
7461
7125
7392
7225
7031
7464
7204
7094
7294
7470
7342
7211
7447
7039
7140
7116
7456
7172
7433
7353
7299
7025
7215
7069
7350
7013
7338
7058
7258
7304
7373
7465
7368
7494
7155
7451
7387
7013
7208
7239
7406
7101
7280
7031
7172
7117
7389
7468
7102
7098
7291
7314
7406
7269
7344
7436
7411
7323
7375
7017
7125
7146
7337
7491
7096
7378
7344
7454
7385
7189
7230
7442
7465
7194
7448
7198
7246
7183
7397
7233
7125
7371
7456
7159
7012
7058
7059
7098
7149
7219
7040
7063
7139
7191
7113
7259
7265
7289
7435
7295
7274
7435
7082
7414
7369
7349
7350
7212
7321
7146
7189
7227
7426
7142
7392
7255
7190
7178
7478
7037
7319
7245
7305
7166
7149
7166
7303
7274
7080
7188
7433
7457
7249
7101
7459
7190
7288
7042
7291
7164
7209
7347
7278
7003
7030
7314
7138
7497
7299
7358
7069
7087
7312
7397
7477
7028
7130
7417
7264
7202
7046
7075
7131
7133
7213
7233
7479
7325
7183
7202
7467
7147
7387
7314
7329
7472
7468
7301
7135
7336
7028
7306
7476
7222
7118
7346
7145
7352
7124
7431
7059
7372
7278
7088
7117
7133
7215
7144
7290
7297
7335
7313
7314
7096
7392
7422
7200
7498
7068
7005
7061
7330
7281
7429
7174
7241
7100
7409
7014
7368
7088
7127
7200
7253
7142
7095
7369
7299
7196
7195
7256
7323
7011
7339
7000
7215
7493
7379
7331
7197
7146
7147
7283
7119
7370
7230
7090
7350
7414
7377
7033
7306
7130
7423
7209
7208
7113
7060
7455
7296
7052
7401
7301
7373
7249
7238
7318
7442
7429
7459
7248
7222
7078
7318
7222
7441
7344
7080
7384
7412
7004
7019
7385
7320
7162
7451
7193
7089
7130
7292
7507
7912
7708
7729
7598
7901
7775
7749
7796
7737
7770
7910
7644
7871
7660
7949
7818
7645
7928
7527
7943
7739
7814
7809
7608
7502
7687
7832
7755
7929
7844
7816
7880
7774
7964
7921
7745
7701
7941
8000
7730
7794
7764
7750
7563
7949
7961
7538
7659
7900
7814
7580
8000
7566
7967
7768
7598
7900
7621
7596
7714
7943
7994
7868
7893
7954
7530
7870
7907
7739
7704
7616
7705
7928
7797
7648
7976
7563
7746
7659
7541
7648
7673
7856
7615
7764
7816
7813
7808
7695
7823
7846
7580
7845
7786
7788
7801
7897
7858
7609
7918
7591
7632
7920
7696
7697
7875
7571
7769
7818
7793
7534
7653
7962
7555
7565
7770
7637
7753
7629
7638
7718
7561
7711
7917
7858
7536
7861
7642
7509
7847
7579
7706
7637
7741
7951
7516
7753
7660
7918
7889
7745
7543
7990
7903
7788
7693
7619
7789
7720
7517
7664
7643
7729
7971
7700
7529
7921
7503
7838
7661
7514
7929
7760
7972
7714
7829
7515
7720
7604
7548
7517
7978
7835
7740
7893
7674
7571
7808
7628
7665
7918
7571
7922
7993
7683
7936
7978
7666
7541
7921
7595
7749
7822
7757
7874
7816
7784
7518
7689
7960
7677
7899
7685
7671
7500
7686
7809
7989
7578
7525
7958
7612
7876
7673
7744
7944
7506
7768
7789
7779
7852
7850
7679
7683
7953
7768
7655
7578
7866
7577
7891
7553
7619
7669
7988
7518
7886
7750
7992
7997
7626
7989
7588
7515
7964
7984
7874
7649
7513
7931
7809
7516
7730
7911
7608
7828
7719
7501
7718
7733
7530
7731
7623
7500
7634
7904
7993
7707
7685
7725
7557
7756
7776
7792
7652
7863
7761
7664
7720
7970
7895
7506
7564
7936
7768
7875
7824
7709
7561
7660
7799
7885
7532
7759
7966
7896
7866
7587
7881
7559
7991
7667
7965
7788
7873
7552
7740
7938
7758
7745
7566
7555
7781
7749
7839
7524
7666
7688
7732
7760
7579
7784
7646
7524
7926
7673
7724
7517
7826
7756
7998
7673
7783
7661
7980
7727
7542
7777
7562
7716
7635
7887
7951
7816
7593
7744
7603
7783
7921
7942
7730
7678
7855
7621
7980
7707
7521
7940
7863
7700
7828
7723
7612
7502
7748
7893
7772
7620
7769
7611
7983
7889
7625
7516
7624
7693
7833
7830
7932
7682
7569
7941
7596
7885
7526
7820
7819
7662
7681
7773
7706
7603
7915
7863
7888
7912
7774
7949
7568
7700
7972
7983
7514
7810
7959
7841
7552
7839
7997
7787
7874
7691
7507
7681
7630
7887
7626
7727
7977
7929
7574
7609
7940
7996
7905
7880
7975
7763
7629
7712
7919
7884
7762
7731
7710
7586
7927
7787
7926
7685
7767
7980
7666
7895
7899
7515
7595
7733
7732
7500
7786
7546
7973
7640
7626
7863
7543
7518
7905
7579
7866
7790
7710
7784
7868
7991
7930
7777
7972
7544
7961
7839
7802
7791
7661
7594
7944
7544
7597
7890
7785
7741
7530
7628
7927
7872
7911
7621
7605
7847
7543
7908
7883
7847
7820
7977
7770
7882
7527
8285
8498
8392
8409
8240
8038
8149
8288
8496
8241
8268
8445
8491
8370
8256
8239
8431
8319
8433
8097
8302
8481
8305
8167
8271
8281
8413
8029
8320
8011
8141
8107
8295
8121
8186
8299
8437
8330
8312
8105
8090
8028
8408
8022
8463
8219
8005
8022
8436
8386
8493
8283
8072
8493
8479
8304
8193
8225
8137
8459
8125
8120
8468
8484
8099
8160
8150
8369
8184
8458
8303
8101
8007
8327
8006
8274
8073
8282
8205
8052
8275
8390
8093
8435
8019
8359
8034
8302
8143
8382
8105
8212
8193
8353
8480
8471
8060
8424
8424
8302
8069
8137
8339
8479
8083
8392
8275
8246
8487
8205
8231
8412
8020
8085
8184
8236
8026
8033
8465
8240
8126
8348
8226
8302
8352
8090
8408
8155
8347
8036
8213
8150
8358
8404
8483
8138
8051
8114
8351
8128
8083
8289
8316
8439
8151
8194
8191
8108
8169
8244
8444
8026
8459
8183
8175
8222
8411
8037
8127
8493
8484
8120
8399
8450
8492
8081
8053
8117
8102
8045
8184
8413
8183
8337
8157
8338
8031
8288
8151
8158
8400
8300
8486
8102
8092
8186
8191
8175
8228
8261
8228
8014
8488
8359
8145
8464
8390
8366
8447
8069
8140
8074
8005
8123
8060
8031
8344
8122
8026
8338
8190
8123
8387
8469
8093
8183
8134
8296
8358
8305
8391
8378
8389
8341
8318
8169
8425
8325
8192
8193
8448
8165
8341
8081
8017
8325
8295
8362
8042
8061
8343
8068
8149
8390
8070
8104
8128
8018
8265
8462
8329
8094
8008
8142
8179
8262
8185
8164
8306
8391
8106
8019
8431
8333
8391
8025
8282
8305
8451
8268
8389
8272
8253
8297
8463
8323
8229
8500
8270
8213
8041
8407
8059
8230
8364
8353
8156
8198
8403
8256
8139
8130
8056
8152
8455
8323
8137
8316
8500
8045
8323
8323
8067
8497
8072
8057
8341
8212
8180
8356
8033
8186
8394
8093
8350
8200
8461
8201
8469
8037
8369
8083
8403
8195
8129
8259
8216
8101
8342
8140
8186
8413
8500
8225
8390
8218
8339
8062
8157
8307
8012
8445
8018
8046
8222
8454
8236
8463
8303
8255
8362
8436
8347
8462
8177
8239
8421
8372
8368
8314
8341
8240
8371
8039
8170
8120
8186
8169
8203
8131
8361
8399
8043
8162
8025
8425
8064
8356
8474
8176
8022
8253
8299
8086
8278
8250
8065
8038
8047
8151
8297
8467
8194
8343
8466
8272
8074
8480
8376
8102
8267
8066
8260
8171
8394
8464
8393
8185
8437
8253
8174
8064
8399
8192
8291
8088
8441
8284
8262
8421
8054
8148
8121
8052
8334
8394
8204
8200
8196
8253
8351
8085
8481
8372
8409
8457
8494
8128
8193
8314
8357
8381
8102
8295
8477
8233
8068
8001
8051
8378
8332
8290
8217
8455
8047
8119
8445
8208
8337
8500
8260
8192
8490
8183
8403
8089
8084
8027
8284
8335
8095
8313
8091
8448
8063
8174
8046
8327
8075
8101
8326
8202
8149
8318
8422
8060
8368
8025
8324
8290
8011
8285
8291
8193
8054
8165
8391
8419
8393
8388
8574
8930
8531
8568
8508
8689
8609
8905
8674
8702
8634
8504
8523
8970
8955
8744
8798
8724
8952
8867
8901
8630
8975
8531
8841
8625
8771
8695
8637
8700
8592
8772
8811
8748
8731
8548
8933
8856
8629
8755
8996
8982
8913
8650
8812
8804
8744
9000
8707
8931
8847
8591
8798
8699
8859
8945
8956
9000
8728
8883
8919
8915
8767
8975
8609
8862
8694
8775
8738
8906
8812
8942
8594
8696
8871
8920
8718
8824
8719
8536
8881
8771
8989
8706
8853
8501
8974
8611
8890
8787
8593
8933
8628
8746
8837
8581
8714
8938
8541
8951
8610
8970
8761
8802
8619
8905
8997
8602
8828
8939
8726
8632
8781
8691
8502
8647
8926
8560
8621
8607
8888
8583
8885
8951
8812
8880
8814
8849
8860
8790
8705
8780
8782
8769
8927
8912
8509
8687
8587
8948
8505
8872
8783
8952
8560
8962
8652
8938
8744
8689
8655
8653
8817
8934
8562
8527
8584
8811
8990
8739
8591
8648
8742
8538
8734
8947
8850
8511
8765
8591
8637
8739
8974
8673
8602
8516
8800
8934
8891
8850
8728
8877
8604
8670
8634
8551
8964
8848
8707
8899
8827
8699
8697
8848
8857
8857
8629
8744
8718
8614
8611
8640
8672
8652
8551
8917
8680
8643
8831
8545
8727
8650
8921
8639
8511
8715
8543
8571
8905
8682
8984
8501
8805
8866
8764
8939
8542
8625
8817
8746
8888
8556
8716
8776
8738
8587
8704
8953
8619
8718
8872
8821
8517
8661
8671
8677
8779
8557
8836
8641
8814
8557
8840
8535
8631
8610
8836
8806
8889
8613
8874
8555
8826
8585
8658
8671
8934
8644
8902
8925
8511
8591
8953
8686
8810
8662
8985
8644
8694
8587
8659
8986
8789
8676
8932
8831
8716
8680
8645
8628
8751
8898
8564
8506
8844
8817
8995
8932
8503
8500
8743
8634
8656
8912
8630
8722
8604
8653
8725
8969
8625
8692
8612
8801
8954
8889
8766
8650
8653
8828
8955
8753
8999
8773
8673
8614
8527
8947
8842
8994
8668
8553
8640
8694
8844
8524
8829
8878
8546
8710
8726
8563
8956
8677
8503
8559
8786
8763
8552
8956
8550
8845
8778
8676
8545
8991
8635
8883
8738
8515
8695
8658
8811
8731
8801
8571
8551
8918
8958
8929
8559
8888
8604
8944
8601
8892
8798
8822
8769
8613
8828
8764
8894
8887
8944
8823
8776
8965
8648
8854
8889
8946
8640
8530
8514
8567
8752
8724
8876
8932
8508
8868
8806
8624
8897
8662
8741
8834
8574
8654
8692
8814
8614
8624
8688
8931
8764
8925
8788
8978
8796
8586
8769
8603
8539
8613
8748
8573
8929
8534
8639
8574
8947
8838
8605
8961
8959
8770
8990
8781
8581
8942
8891
8995
8662
8575
8832
8515
8843
8584
8803
8828
8936
8898
8635
8922
8598
8702
8584
8783
8914
8667
8905
8540
8515
8618
8867
8776
8518
8727
8972
8995
8935
8506
8897
8855
8696
8775
8942
8964
8781
8733
8731
8845
8731
8811
8638
8548
8702
8683
8862
8757
8685
8706
8868
8914
8536
8850
8979
8543
9094
9495
9448
9194
9473
9220
9170
9121
9060
9233
9211
9340
9361
9144
9203
9020
9073
9427
9382
9303
9202
9084
9146
9233
9471
9283
9234
9091
9221
9222
9242
9064
9310
9092
9070
9081
9449
9350
9056
9045
9198
9262
9275
9279
9160
9051
9043
9387
9354
9369
9324
9027
9075
9362
9416
9009
9348
9215
9224
9190
9487
9079
9401
9338
9492
9146
9030
9268
9073
9121
9071
9224
9371
9336
9105
9440
9310
9367
9072
9419
9240
9348
9237
9352
9399
9214
9490
9448
9176
9060
9233
9234
9125
9367
9059
9119
9362
9437
9287
9013
9021
9275
9313
9233
9298
9100
9157
9239
9256
9476
9200
9482
9142
9305
9451
9139
9342
9048
9440
9278
9157
9082
9092
9012
9389
9337
9098
9003
9277
9487
9078
9373
9080
9058
9398
9465
9034
9004
9054
9298
9056
9250
9192
9200
9361
9252
9092
9321
9416
9421
9277
9313
9498
9009
9357
9439
9183
9301
9344
9461
9002
9154
9463
9270
9398
9328
9401
9083
9407
9486
9104
9338
9495
9141
9222
9407
9391
9392
9151
9137
9245
9277
9087
9357
9209
9266
9375
9070
9202
9460
9282
9233
9160
9093
9296
9403
9288
9422
9303
9033
9351
9008
9414
9431
9316
9440
9318
9356
9287
9450
9048
9291
9149
9207
9215
9225
9066
9106
9060
9131
9453
9331
9382
9448
9203
9372
9177
9401
9346
9320
9119
9469
9088
9118
9287
9237
9364
9157
9040
9270
9449
9018
9284
9252
9411
9491
9084
9454
9379
9071
9337
9181
9362
9172
9080
9020
9127
9466
9227
9445
9262
9417
9010
9468
9330
9079
9203
9031
9420
9479
9362
9409
9065
9290
9183
9434
9046
9129
9037
9213
9288
9223
9022
9275
9484
9439
9106
9417
9037
9266
9110
9398
9431
9096
9007
9031
9008
9317
9422
9331
9288
9052
9033
9400
9209
9428
9116
9072
9489
9147
9474
9498
9429
9014
9157
9039
9394
9236
9484
9392
9474
9287
9494
9153
9369
9465
9479
9469
9282
9152
9426
9230
9207
9206
9426
9235
9189
9123
9065
9055
9322
9034
9428
9390
9293
9112
9469
9416
9440
9469
9137
9272
9333
9030
9358
9001
9059
9380
9031
9245
9450
9147
9290
9337
9222
9243
9290
9223
9088
9423
9350
9271
9171
9429
9070
9439
9359
9103
9361
9256
9497
9062
9029
9314
9014
9153
9398
9177
9348
9424
9175
9309
9091
9320
9106
9174
9245
9090
9168
9049
9323
9245
9328
9017
9118
9367
9101
9404
9461
9419
9142
9456
9019
9275
9249
9387
9118
9476
9323
9069
9346
9112
9376
9165
9247
9040
9179
9351
9322
9396
9194
9268
9436
9311
9434
9252
9235
9012
9195
9148
9051
9494
9217
9429
9282
9219
9290
9317
9071
9220
9056
9269
9268
9099
9204
9210
9369
9162
9270
9077
9187
9250
9082
9064
9224
9374
9020
9208
9342
9498
9152
9106
9280
9175
9017
9352
9396
9447
9383
9027
9251
9363
9279
9102
9340
9426
9000
9337
9106
9223
9383
9072
9242
9118
9461
9302
9412
9153
9204
9408
9872
9580
9631
9874
9614
9858
9545
9660
9760
9737
9709
9875
9708
9644
9798
9811
9686
9600
9887
9874
9562
9826
9637
9590
9634
9561
9960
9789
9786
9805
9539
9856
9725
9940
9794
9959
9640
9979
9927
9652
9558
9996
9919
9551
9559
9822
9588
9871
9631
9855
9502
9730
9649
9788
9929
9546
9944
9540
9740
9552
9898
9756
9875
9955
9698
9853
9649
9768
9851
9840
9670
9708
9673
9735
9815
9566
9908
9585
9531
9812
9974
9589
9657
9931
9803
9809
9707
9938
9511
9747
9515
9600
9738
9875
9754
9802
9620
9965
9853
9707
9672
9821
9519
9792
9685
9795
9557
9914
9973
9863
9638
9858
9509
9929
9579
9809
9599
9945
9651
9890
9645
9712
9757
9603
9825
9570
9970
9798
9982
9513
9946
9944
9732
9825
9639
9653
9569
9866
9745
9508
9751
9794
9965
9649
9609
9657
9590
9810
9796
9945
9703
9676
9813
9964
9561
9961
9564
9917
9968
9615
9825
9759
9932
9960
9917
9695
9626
9685
9789
9927
9740
9733
9700
9643
9639
9852
9747
9607
9994
9667
9980
9660
9502
9537
9810
9770
9630
9769
9763
9679
9588
9652
9899
9630
9684
9992
9862
9504
9732
9914
9531
9906
9520
9870
9704
9971
9976
9670
9825
9710
9713
9957
9923
9800
9635
9664
9757
9895
9650
9647
9564
9857
9922
9609
9838
9588
9834
9570
9960
9647
9990
9743
9876
9580
9635
9573
9639
9633
9833
9840
9794
9961
9945
9553
9967
9632
9729
9599
9995
9519
9735
9967
9855
9584
9850
9674
9985
9912
9531
9616
9636
9906
9711
9677
9720
9971
9581
9843
9664
9561
9525
9623
9562
9811
9854
9604
9913
9868
9643
9706
9859
9735
9575
9940
9912
9522
9888
9791
9731
9961
9589
9728
9601
9716
9703
9888
9749
9767
9834
9997
9551
9886
9935
9933
9995
9612
9905
9544
9731
9745
9762
9617
9768
9826
9758
9901
9830
9771
9765
9697
9582
9790
9612
9703
9973
9797
9521
9846
9607
9966
9855
9646
9533
9647
9654
9973
9801
9643
9946
9800
9618
9844
9560
9986
9699
9973
9960
9776
9959
9803
9558
9979
9501
9637
9914
9761
9773
9731
9960
9697
9590
9559
9938
9765
9891
9616
9583
9621
9671
9785
9600
9687
9826
9965
9579
9739
9730
9627
9504
9500
9838
9746
9887
9804
9908
9877
9644
9897
9733
9894
9700
9569
9683
9749
9710
9558
9907
9795
9595
9583
9890
9839
9604
9674
9703
9872
9653
9536
9557
9675
9530
9646
9727
9960
9860
9845
9672
9633
9857
9513
9972
9686
9888
9777
9585
9530
9503
9576
9755
9520
9832
9935
9532
9921
9611
9999
9641
9713
9601
9536
9724
9607
9839
9558
9864
9553
9843
9723
9890
9866
9887
9773
9939
9581
9612
9703
9952
9827
9588
9673
9868
9576
9782
9537
9843
9595
9614
9807
9849
9861
9703
9959
9532
9821
9790
9864
9847
9830
9914
9531
9687
9780
9686
9890
9633
9559
9997
9951
9809
9908
9546
9815
9624
9929
9668
9647
9826
9801
9715
9768
